0 0.147260 0.823103 0.235990 0.313616
1 0.095579 0.681920 0.117684 0.024554
1 0.113948 0.705357 0.151930 0.026786
1 0.093711 0.729353 0.110212 0.023438
1 0.077833 0.755022 0.079701 0.027902
1 0.086239 0.780692 0.096513 0.025670
1 0.099938 0.807478 0.125156 0.023438
1 0.098381 0.833705 0.120797 0.026786
1 0.084994 0.856027 0.094022 0.024554
1 0.113636 0.881696 0.150062 0.026786
1 0.084371 0.908482 0.091532 0.026786
2 0.066314 0.681920 0.056663 0.022321
2 0.062267 0.731027 0.048568 0.020089
2 0.066625 0.756138 0.056040 0.023438
2 0.066625 0.782366 0.056040 0.024554
2 0.066314 0.832589 0.055417 0.022321
2 0.066936 0.857143 0.056663 0.022321
2 0.062267 0.907924 0.047323 0.025670
3 0.124533 0.681362 0.056040 0.023438
3 0.118306 0.732143 0.059776 0.022321
3 0.105853 0.756696 0.021171 0.017857
3 0.113948 0.780692 0.037360 0.030134
3 0.126090 0.832589 0.061644 0.026786
3 0.113948 0.858259 0.034869 0.020089
3 0.108655 0.909040 0.041719 0.025670
4 0.087173 0.768415 0.099626 0.052455
4 0.096824 0.845424 0.118929 0.047991
