0 0.144965 0.780093 0.263889 0.350309
1 0.066406 0.625000 0.087674 0.030864
1 0.090712 0.654321 0.134549 0.027778
1 0.066840 0.679784 0.088542 0.026235
1 0.094618 0.708333 0.144097 0.027778
1 0.086806 0.736111 0.128472 0.027778
1 0.068576 0.763889 0.095486 0.030864
1 0.068576 0.790123 0.093750 0.024691
1 0.107639 0.819444 0.171875 0.027778
1 0.058160 0.845679 0.074653 0.024691
1 0.068142 0.875772 0.092882 0.029321
2 0.046441 0.625000 0.046007 0.030864
2 0.056424 0.680556 0.067708 0.027778
2 0.046441 0.708333 0.047743 0.024691
2 0.056858 0.734568 0.066840 0.027778
2 0.056858 0.761574 0.068576 0.029321
2 0.055990 0.790895 0.066840 0.026235
2 0.046007 0.845679 0.046875 0.024691
2 0.046441 0.874228 0.044271 0.029321
3 0.085938 0.624228 0.031250 0.029321
3 0.101128 0.680556 0.018229 0.024691
3 0.118924 0.707562 0.095486 0.026235
3 0.121528 0.734568 0.059028 0.027778
3 0.102865 0.763117 0.023438 0.026235
3 0.101997 0.790123 0.019965 0.021605
3 0.080295 0.845679 0.021701 0.021605
3 0.091580 0.873457 0.042535 0.030864
4 0.067708 0.862654 0.090278 0.055556
4 0.086806 0.761574 0.130208 0.084877
