0 0.161132 0.818359 0.297663 0.347656
4 0.068266 0.727539 0.087331 0.076172
4 0.058426 0.847656 0.065191 0.054688
1 0.067036 0.704102 0.082411 0.025391
1 0.056581 0.728516 0.061501 0.027344
1 0.056581 0.753906 0.061501 0.019531
1 0.055351 0.833984 0.059041 0.023438
1 0.055351 0.862305 0.059041 0.025391
2 0.047355 0.702148 0.045510 0.021484
2 0.047355 0.729492 0.043050 0.025391
2 0.047355 0.752930 0.043050 0.021484
2 0.048585 0.834961 0.045510 0.025391
2 0.049200 0.862305 0.044280 0.025391
3 0.089791 0.703125 0.034440 0.023438
3 0.079336 0.729492 0.015990 0.021484
3 0.078721 0.752930 0.014760 0.021484
3 0.078106 0.833984 0.013530 0.019531
3 0.078721 0.861328 0.012300 0.023438
