0 0.166504 0.828778 0.294060 0.300643
1 0.095424 0.721865 0.130477 0.028939
1 0.112463 0.751608 0.162610 0.033762
1 0.111977 0.778135 0.167478 0.032154
1 0.109056 0.808682 0.155794 0.032154
1 0.092016 0.840032 0.121714 0.027331
1 0.100779 0.863344 0.141188 0.028939
1 0.135346 0.893891 0.210321 0.035370
4 0.114898 0.733923 0.169426 0.053055
4 0.113437 0.792605 0.166504 0.064309
4 0.101266 0.848875 0.140214 0.054662
2 0.077897 0.719453 0.095424 0.024116
2 0.077897 0.749196 0.095424 0.025723
2 0.078870 0.778939 0.097371 0.027331
2 0.077897 0.809486 0.095424 0.033762
2 0.078384 0.837621 0.094450 0.025723
2 0.078384 0.866559 0.096397 0.032154
3 0.144109 0.722669 0.037001 0.027331
3 0.160175 0.749196 0.067186 0.025723
3 0.160662 0.778939 0.066212 0.027331
3 0.156280 0.808682 0.057449 0.022508
3 0.139241 0.836817 0.027264 0.024116
3 0.149464 0.866559 0.047712 0.025723
