0 0.172562 0.830056 0.287763 0.314607
1 0.152964 0.715590 0.231358 0.023876
1 0.108987 0.739466 0.143403 0.023876
1 0.101338 0.765449 0.128107 0.022472
1 0.168260 0.801264 0.260038 0.043539
1 0.075526 0.837079 0.074570 0.025281
1 0.086998 0.863764 0.099426 0.022472
1 0.120459 0.889045 0.166348 0.022472
1 0.120937 0.915730 0.167304 0.025281
2 0.094646 0.739466 0.110899 0.023876
2 0.095602 0.764747 0.110899 0.023876
2 0.065010 0.790028 0.051625 0.023876
2 0.065010 0.837781 0.049713 0.023876
2 0.076482 0.862360 0.074570 0.025281
3 0.165870 0.740169 0.025813 0.022472
3 0.158222 0.764747 0.012428 0.021067
3 0.194551 0.790028 0.203633 0.023876
3 0.046845 0.812500 0.015296 0.021067
3 0.101338 0.835674 0.021033 0.025281
3 0.125239 0.863062 0.019120 0.021067
4 0.109943 0.752809 0.141491 0.050562
