0 0.154762 0.621905 0.308333 0.445714
1 0.095833 0.420476 0.189286 0.018095
1 0.096429 0.437619 0.191667 0.018095
1 0.096131 0.455238 0.191071 0.017143
1 0.096726 0.471429 0.192262 0.017143
1 0.090774 0.523810 0.176786 0.017143
1 0.084821 0.540952 0.166071 0.019048
1 0.086012 0.592857 0.167262 0.018095
1 0.102381 0.610000 0.194048 0.018095
1 0.080060 0.627143 0.149405 0.016190
1 0.080655 0.643810 0.150595 0.019048
1 0.113988 0.662381 0.217262 0.018095
1 0.080655 0.679048 0.150595 0.017143
1 0.080060 0.695714 0.148214 0.018095
1 0.080060 0.712857 0.148214 0.018095
1 0.108333 0.730000 0.204762 0.018095
1 0.080952 0.747143 0.151190 0.018095
1 0.081548 0.798095 0.155952 0.017143
1 0.142560 0.822857 0.276786 0.034286
2 0.069643 0.419524 0.072619 0.018095
2 0.069643 0.438571 0.071429 0.018095
2 0.070238 0.455238 0.072619 0.015238
2 0.069940 0.471429 0.072024 0.017143
2 0.083929 0.541429 0.101190 0.018095
2 0.084226 0.592381 0.101786 0.017143
2 0.087798 0.610000 0.058929 0.018095
2 0.088988 0.523810 0.058929 0.017143
2 0.069345 0.626667 0.070833 0.017143
2 0.069345 0.643333 0.070833 0.018095
2 0.069643 0.678571 0.072619 0.018095
2 0.084226 0.661429 0.100595 0.016190
2 0.069643 0.695714 0.072619 0.016190
2 0.069643 0.712381 0.072619 0.017143
2 0.083929 0.730000 0.101190 0.018095
2 0.069048 0.747619 0.071429 0.017143
2 0.083631 0.797143 0.101786 0.017143
3 0.148512 0.420000 0.083929 0.019048
3 0.148214 0.438095 0.083333 0.017143
3 0.148810 0.456190 0.084524 0.017143
3 0.148512 0.471905 0.086310 0.018095
3 0.147619 0.523333 0.058333 0.018095
3 0.150595 0.541429 0.033333 0.018095
3 0.151190 0.591905 0.030952 0.018095
3 0.157738 0.609524 0.080952 0.017143
3 0.130060 0.626667 0.049405 0.017143
3 0.130357 0.643810 0.051190 0.017143
3 0.179167 0.661905 0.086905 0.019048
3 0.130060 0.678571 0.048214 0.018095
3 0.130060 0.695714 0.049405 0.016190
3 0.130060 0.712381 0.048214 0.017143
3 0.172619 0.730000 0.076190 0.018095
3 0.130357 0.747143 0.051190 0.016190
3 0.146726 0.797619 0.023214 0.018095
3 0.250298 0.816190 0.060119 0.019048
3 0.042262 0.832381 0.076190 0.017143
2 0.125893 0.815238 0.186310 0.017143
