0 0.164370 0.864358 0.299213 0.268398
1 0.133366 0.768398 0.213583 0.027417
1 0.125984 0.794372 0.198819 0.024531
1 0.101378 0.819625 0.151575 0.023088
1 0.080217 0.845599 0.109252 0.023088
1 0.084154 0.870851 0.117126 0.024531
1 0.112205 0.897547 0.171260 0.028860
1 0.129429 0.924242 0.207677 0.024531
2 0.061024 0.845599 0.068898 0.023088
2 0.060531 0.870851 0.067913 0.021645
2 0.062500 0.897547 0.069882 0.023088
3 0.114173 0.847042 0.035433 0.023088
3 0.119587 0.871573 0.044291 0.023088
3 0.148130 0.898268 0.099409 0.027417
4 0.111220 0.873016 0.173228 0.077922
