0 0.141146 0.654167 0.217708 0.175000
1 0.097656 0.606944 0.081771 0.015741
1 0.093750 0.621296 0.077083 0.016667
1 0.108854 0.637500 0.104167 0.015741
1 0.114844 0.653704 0.115104 0.016667
1 0.118229 0.668981 0.122917 0.015741
1 0.105208 0.684259 0.097917 0.016667
1 0.094531 0.700000 0.075521 0.016667
2 0.085677 0.605556 0.055729 0.014815
2 0.085677 0.622222 0.056771 0.016667
2 0.085156 0.637963 0.056771 0.014815
2 0.085417 0.652778 0.055208 0.016667
2 0.085156 0.668981 0.056771 0.015741
2 0.084635 0.683796 0.054688 0.015741
2 0.084375 0.700463 0.054167 0.015741
3 0.125781 0.606944 0.024479 0.013889
3 0.123177 0.622222 0.018229 0.016667
3 0.136198 0.637500 0.045312 0.015741
3 0.142448 0.653241 0.057813 0.015741
3 0.146615 0.668981 0.064062 0.015741
3 0.132812 0.684259 0.039583 0.016667
3 0.122396 0.700000 0.019792 0.016667
4 0.105469 0.692593 0.097396 0.031481
