0 0.145900 0.740385 0.290528 0.186652
1 0.103624 0.707579 0.204704 0.021493
1 0.108392 0.729638 0.214240 0.022624
1 0.113160 0.752828 0.223776 0.023756
1 0.102670 0.776018 0.202797 0.022624
1 0.107756 0.796946 0.214240 0.021493
1 0.144310 0.820136 0.286078 0.022624
2 0.114113 0.707579 0.153210 0.021493
2 0.114749 0.729638 0.154482 0.022624
2 0.114431 0.752828 0.153846 0.023756
2 0.114113 0.775452 0.153210 0.021493
2 0.114113 0.796946 0.153210 0.021493
2 0.109663 0.819570 0.144310 0.023756
3 0.197711 0.707579 0.012715 0.021493
3 0.203751 0.729072 0.023522 0.021493
3 0.208519 0.752828 0.033058 0.023756
3 0.197711 0.774887 0.013986 0.020362
3 0.203115 0.796380 0.023522 0.022624
3 0.234266 0.820701 0.103624 0.026018
4 0.131278 0.752828 0.187540 0.111991
