0 0.108854 0.775000 0.215625 0.138889
1 0.121354 0.716204 0.186458 0.019444
1 0.081771 0.733796 0.107292 0.019444
1 0.085677 0.749074 0.114062 0.014815
1 0.086458 0.766667 0.115625 0.016667
1 0.102344 0.782407 0.146354 0.016667
1 0.106250 0.799074 0.155208 0.016667
1 0.090625 0.816667 0.125000 0.016667
1 0.107813 0.832870 0.160417 0.017593
2 0.069010 0.716204 0.080729 0.017593
2 0.073177 0.733333 0.088021 0.016667
2 0.073438 0.749537 0.089583 0.013889
2 0.073438 0.766667 0.088542 0.016667
2 0.069010 0.784259 0.080729 0.016667
2 0.072917 0.800000 0.088542 0.016667
2 0.069271 0.817593 0.080208 0.016667
2 0.068750 0.833796 0.081250 0.017593
3 0.162240 0.716667 0.104688 0.018519
3 0.125781 0.733796 0.017188 0.017593
3 0.130469 0.749537 0.024479 0.017593
3 0.131250 0.767130 0.027083 0.015741
4 0.086719 0.750000 0.116146 0.050000
3 0.142969 0.784259 0.067187 0.016667
3 0.151042 0.800000 0.065625 0.016667
3 0.131250 0.816667 0.043750 0.018519
3 0.148698 0.834259 0.078646 0.016667
4 0.108333 0.825463 0.159375 0.036111
