0 0.159435 0.861386 0.308779 0.268741
1 0.085267 0.766620 0.134208 0.025460
1 0.095358 0.793494 0.154390 0.025460
1 0.085267 0.818953 0.138244 0.025460
1 0.073158 0.842999 0.112008 0.025460
1 0.103431 0.869165 0.172553 0.024045
1 0.062059 0.893918 0.087790 0.025460
1 0.078708 0.919378 0.121090 0.025460
2 0.053481 0.766620 0.070636 0.025460
2 0.066599 0.793494 0.098890 0.025460
2 0.054490 0.818953 0.068618 0.025460
2 0.052977 0.843706 0.069627 0.024045
2 0.065086 0.869873 0.097881 0.025460
2 0.052977 0.893918 0.069627 0.022631
2 0.052472 0.919378 0.068618 0.022631
3 0.120081 0.766620 0.056509 0.022631
3 0.143794 0.792786 0.053481 0.026874
3 0.120585 0.818246 0.061554 0.021216
3 0.109485 0.843706 0.039354 0.021216
3 0.151867 0.869873 0.071645 0.025460
3 0.096872 0.894625 0.016145 0.024045
3 0.113522 0.920792 0.047427 0.025460
4 0.079717 0.908062 0.123108 0.053748
4 0.085772 0.832390 0.137235 0.049505
