0 0.204687 0.500556 0.408125 0.658889
1 0.092188 0.200556 0.180625 0.027778
1 0.097187 0.225556 0.189375 0.024444
1 0.096875 0.276111 0.187500 0.023333
1 0.149375 0.302222 0.293750 0.028889
1 0.150312 0.327778 0.296875 0.026667
1 0.150938 0.354444 0.298125 0.026667
1 0.178437 0.377778 0.353125 0.022222
1 0.110312 0.402778 0.216875 0.025556
1 0.151562 0.429444 0.299375 0.027778
1 0.091875 0.454444 0.177500 0.024444
1 0.159375 0.504444 0.312500 0.022222
1 0.080312 0.530000 0.153125 0.026667
1 0.115000 0.555556 0.222500 0.024444
1 0.182500 0.607222 0.361250 0.025556
1 0.158438 0.632778 0.314375 0.023333
1 0.196875 0.656667 0.391250 0.024444
1 0.092188 0.682222 0.179375 0.022222
1 0.195312 0.708889 0.384375 0.026667
1 0.095937 0.735000 0.185625 0.025556
1 0.156875 0.759444 0.307500 0.025556
1 0.170937 0.796667 0.335625 0.051111
2 0.090938 0.199444 0.090625 0.027778
2 0.082812 0.225556 0.075625 0.024444
2 0.091250 0.275556 0.091250 0.022222
2 0.120938 0.301111 0.151875 0.026667
2 0.120625 0.327778 0.153750 0.024444
2 0.120625 0.353333 0.153750 0.024444
2 0.120000 0.377222 0.153750 0.025556
2 0.090625 0.402222 0.093750 0.026667
2 0.151875 0.428889 0.217500 0.026667
2 0.090000 0.454444 0.095000 0.024444
2 0.152500 0.504444 0.216250 0.022222
2 0.090938 0.530000 0.091875 0.026667
2 0.090625 0.555000 0.090000 0.025556
2 0.151875 0.607222 0.217500 0.025556
2 0.151875 0.632222 0.217500 0.022222
2 0.151562 0.656111 0.218125 0.025556
2 0.090938 0.682222 0.093125 0.026667
2 0.151562 0.710000 0.216875 0.026667
2 0.091563 0.735000 0.093125 0.023333
2 0.153438 0.760000 0.218125 0.024444
2 0.152188 0.784444 0.219375 0.024444
3 0.160000 0.200000 0.047500 0.026667
3 0.154062 0.225556 0.066875 0.024444
3 0.163125 0.276111 0.051250 0.023333
3 0.246875 0.300000 0.098750 0.024444
3 0.247812 0.327222 0.099375 0.023333
3 0.248750 0.353889 0.101250 0.025556
3 0.276250 0.378333 0.156250 0.025556
3 0.176875 0.402778 0.077500 0.025556
3 0.281562 0.429444 0.040625 0.025556
3 0.157812 0.454444 0.040625 0.024444
3 0.287187 0.505556 0.051875 0.022222
3 0.146875 0.530000 0.018750 0.024444
3 0.180938 0.556111 0.086875 0.023333
3 0.312188 0.606667 0.099375 0.024444
3 0.287500 0.632778 0.051250 0.023333
3 0.325937 0.656667 0.130625 0.022222
3 0.157188 0.681667 0.039375 0.025556
3 0.324062 0.707778 0.126875 0.024444
3 0.162812 0.734444 0.050625 0.022222
3 0.286250 0.759444 0.047500 0.023333
3 0.300625 0.785000 0.076250 0.027778
3 0.039375 0.810556 0.075000 0.025556
4 0.199375 0.338889 0.310000 0.102222
4 0.134375 0.542778 0.180000 0.052222
4 0.217500 0.630556 0.350000 0.072222
4 0.215312 0.708889 0.345625 0.026667
4 0.191875 0.772778 0.295000 0.052222
4 0.040000 0.810556 0.073750 0.025556
