0 0.159749 0.834507 0.288610 0.314085
1 0.088320 0.693662 0.126448 0.023944
1 0.097973 0.717606 0.145753 0.023944
1 0.092664 0.740845 0.135135 0.025352
1 0.091216 0.768310 0.134170 0.026761
1 0.116795 0.792254 0.185328 0.023944
1 0.097008 0.816901 0.145753 0.022535
1 0.098456 0.842958 0.148649 0.029577
1 0.097490 0.869718 0.144788 0.023944
1 0.084459 0.894366 0.122587 0.022535
1 0.079151 0.919718 0.110039 0.022535
2 0.079151 0.690845 0.110039 0.021127
2 0.080116 0.716197 0.110039 0.021127
2 0.079151 0.741549 0.108108 0.023944
2 0.079151 0.767606 0.108108 0.022535
2 0.048263 0.792254 0.046332 0.023944
2 0.079151 0.816901 0.108108 0.025352
2 0.080598 0.842254 0.111004 0.025352
2 0.079151 0.869718 0.108108 0.023944
2 0.048745 0.894366 0.049228 0.022535
2 0.050193 0.919718 0.050193 0.025352
3 0.142857 0.691549 0.013514 0.025352
3 0.152992 0.716901 0.035714 0.025352
3 0.146718 0.741549 0.025097 0.023944
3 0.146718 0.768310 0.023166 0.023944
3 0.141409 0.790845 0.134170 0.023944
3 0.153475 0.816901 0.036680 0.022535
3 0.153475 0.843662 0.036680 0.025352
3 0.152027 0.869014 0.033784 0.025352
3 0.109556 0.894366 0.072394 0.025352
3 0.105695 0.919718 0.058880 0.025352
4 0.099903 0.728873 0.151544 0.100000
4 0.097490 0.843662 0.148649 0.076056
4 0.085425 0.909155 0.124517 0.054930
