0 0.129585 0.832528 0.257576 0.334944
1 0.077352 0.702093 0.145136 0.032206
1 0.083333 0.735105 0.157097 0.030596
1 0.090909 0.765700 0.172249 0.027375
4 0.054226 0.855878 0.102073 0.149758
1 0.054226 0.796296 0.098884 0.024155
1 0.054226 0.825282 0.100478 0.027375
1 0.054625 0.857488 0.099681 0.030596
1 0.054226 0.884863 0.098884 0.027375
1 0.054625 0.915459 0.098086 0.030596
2 0.072568 0.703704 0.133971 0.028986
2 0.048246 0.732689 0.083732 0.028986
2 0.071372 0.764895 0.134769 0.025765
2 0.048246 0.793076 0.085327 0.027375
2 0.047448 0.826087 0.085327 0.028986
2 0.047049 0.855072 0.084530 0.028986
2 0.047448 0.884058 0.085327 0.025765
2 0.048644 0.915459 0.082935 0.030596
3 0.145136 0.701288 0.009569 0.033816
3 0.126794 0.735105 0.068581 0.027375
3 0.158692 0.765700 0.035088 0.027375
3 0.097687 0.794686 0.011962 0.024155
3 0.097289 0.826087 0.012759 0.025765
3 0.097687 0.855072 0.011962 0.028986
3 0.097289 0.884058 0.011164 0.025765
3 0.097687 0.916264 0.011962 0.028986
