0 0.163734 0.863442 0.294233 0.264580
1 0.096774 0.767425 0.144673 0.027027
1 0.057185 0.792319 0.061584 0.022760
1 0.057674 0.817212 0.062561 0.024182
1 0.062561 0.871266 0.070381 0.024182
4 0.097263 0.791607 0.143695 0.078236
2 0.047898 0.766714 0.044966 0.025605
3 0.118768 0.767425 0.094819 0.024182
2 0.048876 0.792319 0.043011 0.025605
2 0.049365 0.817212 0.043988 0.024182
2 0.049365 0.870555 0.042033 0.022760
3 0.118280 0.766714 0.091887 0.022760
3 0.079179 0.792319 0.015640 0.022760
3 0.079179 0.817923 0.013685 0.025605
3 0.084066 0.871266 0.025415 0.021337
1 0.126100 0.844239 0.199413 0.024182
1 0.109971 0.896159 0.165200 0.025605
1 0.122678 0.922475 0.190616 0.027027
