0 0.136719 0.772222 0.272396 0.177778
1 0.054948 0.764815 0.106771 0.016667
1 0.063021 0.782407 0.122917 0.016667
1 0.062760 0.799074 0.123438 0.016667
1 0.063802 0.815278 0.126562 0.017593
1 0.053646 0.831944 0.106250 0.017593
2 0.045052 0.764815 0.085938 0.016667
2 0.045052 0.781481 0.085938 0.016667
2 0.045052 0.798148 0.085938 0.016667
2 0.040104 0.815278 0.075000 0.017593
2 0.044792 0.832407 0.085417 0.016667
3 0.098698 0.764815 0.020313 0.016667
3 0.106250 0.782407 0.036458 0.016667
3 0.106510 0.799074 0.034896 0.016667
3 0.102344 0.815278 0.048438 0.017593
3 0.097135 0.832407 0.019271 0.016667
4 0.061979 0.781944 0.119792 0.050926
4 0.054427 0.832407 0.103646 0.016667
