0 0.176355 0.865248 0.297537 0.252482
1 0.075369 0.749645 0.077833 0.024113
1 0.075369 0.773050 0.077833 0.019858
1 0.072414 0.798582 0.073892 0.022695
1 0.072906 0.824113 0.072906 0.022695
1 0.073399 0.848936 0.069951 0.021277
1 0.080296 0.875177 0.085714 0.019858
1 0.135468 0.901418 0.196059 0.024113
1 0.101478 0.926241 0.128079 0.022695
2 0.061576 0.750355 0.050246 0.019858
2 0.062562 0.774468 0.050246 0.019858
2 0.062069 0.798582 0.051232 0.022695
2 0.062562 0.824113 0.050246 0.025532
2 0.056158 0.848936 0.035468 0.024113
2 0.063547 0.876596 0.052217 0.022695
2 0.081281 0.902128 0.085714 0.025532
2 0.056650 0.926241 0.036453 0.022695
3 0.102463 0.749645 0.025616 0.018440
3 0.097044 0.773759 0.016749 0.018440
3 0.097537 0.798582 0.013793 0.019858
3 0.096059 0.825532 0.012808 0.022695
3 0.091626 0.850355 0.033498 0.021277
3 0.107389 0.877305 0.033498 0.021277
3 0.179310 0.902837 0.108374 0.024113
3 0.120690 0.926950 0.087685 0.021277
4 0.075369 0.787234 0.077833 0.096454
