0 0.134375 0.840278 0.235937 0.263889
1 0.055859 0.747222 0.064844 0.025000
1 0.055078 0.772917 0.063281 0.020833
1 0.086328 0.797917 0.127344 0.020833
1 0.078516 0.825694 0.108594 0.023611
1 0.081641 0.849306 0.114844 0.023611
1 0.058203 0.872917 0.067969 0.026389
1 0.066016 0.900694 0.083594 0.026389
2 0.044141 0.748611 0.039844 0.025000
2 0.044141 0.772917 0.039844 0.023611
2 0.053906 0.799306 0.059375 0.023611
2 0.062109 0.823611 0.074219 0.025000
2 0.062109 0.847917 0.074219 0.023611
2 0.053906 0.874306 0.059375 0.026389
2 0.061328 0.900694 0.074219 0.026389
3 0.075781 0.748611 0.020313 0.022222
3 0.075781 0.772917 0.018750 0.020833
3 0.117188 0.799306 0.064062 0.020833
3 0.114453 0.825694 0.028906 0.020833
3 0.119141 0.849306 0.036719 0.020833
3 0.087891 0.874306 0.007031 0.026389
3 0.103125 0.899306 0.007812 0.026389
4 0.054297 0.759722 0.061719 0.050000
4 0.080859 0.838194 0.114844 0.045833
