0 0.146552 0.848189 0.235110 0.264624
1 0.110502 0.756267 0.147335 0.025070
1 0.123041 0.780641 0.172414 0.026462
1 0.066223 0.805710 0.060345 0.023677
1 0.085031 0.831476 0.099530 0.027855
1 0.071317 0.855850 0.072100 0.023677
1 0.080329 0.882312 0.090125 0.029248
1 0.074843 0.907382 0.079154 0.029248
2 0.072492 0.755571 0.074451 0.026462
2 0.073668 0.781337 0.073668 0.022284
2 0.051332 0.805014 0.030564 0.022284
2 0.072492 0.830780 0.074451 0.023677
2 0.050940 0.856546 0.031348 0.022284
2 0.051332 0.881616 0.032132 0.025070
2 0.051724 0.906685 0.031348 0.027855
3 0.146552 0.756267 0.070533 0.022284
3 0.159875 0.780641 0.097179 0.026462
3 0.082680 0.805014 0.028997 0.019499
3 0.122649 0.832173 0.022727 0.029248
3 0.086599 0.856546 0.041536 0.022284
3 0.095611 0.881616 0.054859 0.025070
3 0.091693 0.907382 0.043887 0.023677
4 0.121865 0.768802 0.174765 0.052925
4 0.081505 0.883008 0.092476 0.080780
