0 0.176638 0.823324 0.290598 0.317039
1 0.088794 0.680168 0.094017 0.022346
1 0.138651 0.704609 0.193732 0.026536
1 0.095442 0.729749 0.107312 0.023743
1 0.113010 0.754190 0.142450 0.025140
1 0.118234 0.780028 0.152896 0.026536
1 0.101614 0.803771 0.119658 0.023743
1 0.095916 0.829609 0.106363 0.025140
1 0.101614 0.855447 0.115859 0.023743
2 0.072650 0.678771 0.059829 0.022346
2 0.082146 0.729050 0.080722 0.025140
2 0.082621 0.753492 0.081671 0.029330
2 0.072650 0.804469 0.061728 0.022346
2 0.073124 0.830307 0.060779 0.026536
2 0.073599 0.855447 0.059829 0.023743
3 0.119183 0.678771 0.031339 0.027933
3 0.136752 0.730447 0.022792 0.022346
3 0.153371 0.753492 0.057930 0.023743
3 0.131529 0.804469 0.056030 0.019553
3 0.125356 0.831704 0.043685 0.020950
3 0.130579 0.854749 0.056030 0.025140
4 0.113010 0.740223 0.146249 0.050279
4 0.100665 0.830307 0.117759 0.076816
