0 0.181250 0.588333 0.355208 0.515000
1 0.138802 0.370000 0.269271 0.020000
1 0.163281 0.390833 0.318229 0.020000
1 0.088542 0.410833 0.168750 0.021667
1 0.122135 0.430833 0.235937 0.021667
1 0.085417 0.450417 0.162500 0.019167
1 0.120052 0.470833 0.231771 0.021667
1 0.094531 0.491250 0.180729 0.019167
1 0.094792 0.510417 0.182292 0.019167
1 0.139063 0.530417 0.270833 0.020833
1 0.079427 0.550417 0.150521 0.019167
1 0.153385 0.570000 0.299479 0.020000
1 0.083073 0.590000 0.159896 0.020000
1 0.123698 0.610833 0.241146 0.020000
1 0.118229 0.631250 0.230208 0.020833
1 0.135937 0.650833 0.264583 0.018333
1 0.116927 0.670417 0.227604 0.020833
1 0.121875 0.690833 0.236458 0.020000
1 0.119271 0.710833 0.232292 0.020000
1 0.078646 0.730417 0.151042 0.020833
2 0.090365 0.371250 0.099479 0.019167
2 0.089844 0.389583 0.098437 0.017500
2 0.079948 0.410833 0.077604 0.018333
2 0.112760 0.430417 0.143229 0.020833
2 0.090625 0.450833 0.097917 0.018333
2 0.080469 0.470417 0.077604 0.020833
2 0.090625 0.490833 0.097917 0.018333
2 0.090625 0.510417 0.097917 0.020833
2 0.090365 0.550000 0.098437 0.020000
2 0.090625 0.570000 0.097917 0.020000
2 0.090365 0.590000 0.097396 0.020000
2 0.113021 0.610417 0.142708 0.020833
2 0.079948 0.630833 0.076563 0.020000
2 0.090365 0.650417 0.098437 0.019167
2 0.090625 0.670833 0.097917 0.021667
2 0.080469 0.690833 0.076563 0.020000
2 0.090885 0.710833 0.098437 0.020000
2 0.080729 0.730833 0.078125 0.020000
3 0.205729 0.371250 0.129167 0.019167
3 0.230469 0.390417 0.180729 0.019167
3 0.144271 0.410417 0.052083 0.017500
3 0.213542 0.431250 0.055208 0.022500
3 0.153646 0.450833 0.028125 0.018333
3 0.178385 0.470833 0.116146 0.021667
3 0.162240 0.491667 0.044271 0.020000
3 0.162760 0.511667 0.045312 0.020000
3 0.230729 0.530833 0.089583 0.018333
3 0.147135 0.550000 0.014063 0.020000
3 0.221875 0.570417 0.163542 0.019167
3 0.151042 0.590000 0.022917 0.020000
3 0.214062 0.611250 0.058333 0.019167
3 0.176823 0.631667 0.114062 0.020000
3 0.204167 0.651250 0.129167 0.020833
3 0.186719 0.671667 0.093229 0.018333
3 0.179688 0.692083 0.120833 0.020833
3 0.187760 0.711250 0.095312 0.019167
3 0.137240 0.731250 0.034896 0.020833
4 0.180990 0.380833 0.280729 0.038333
4 0.113021 0.500417 0.142708 0.039167
4 0.104167 0.450417 0.125000 0.019167
4 0.172396 0.569583 0.263542 0.059167
4 0.154948 0.661250 0.227604 0.039167
4 0.139063 0.711250 0.194792 0.020833
