0 0.177344 0.757407 0.353646 0.183333
1 0.121615 0.722222 0.236979 0.022222
1 0.115885 0.744907 0.227604 0.023148
1 0.162240 0.768519 0.317188 0.020370
1 0.090365 0.790278 0.173437 0.021296
1 0.123958 0.811574 0.243750 0.021296
1 0.139323 0.835648 0.275521 0.023148
2 0.093229 0.722685 0.118750 0.021296
2 0.092969 0.745370 0.119271 0.022222
2 0.110417 0.768056 0.153125 0.021296
2 0.093229 0.789815 0.119792 0.022222
2 0.093229 0.812500 0.119792 0.023148
2 0.093229 0.835648 0.118750 0.023148
3 0.195052 0.722222 0.078646 0.022222
3 0.190365 0.745370 0.075521 0.022222
3 0.252865 0.768981 0.131771 0.025000
3 0.161458 0.789352 0.016667 0.021296
3 0.199219 0.812500 0.090104 0.019444
3 0.209896 0.836574 0.114583 0.025000
4 0.118750 0.734722 0.230208 0.045370
4 0.136719 0.814352 0.266146 0.069444
