0 0.166927 0.675000 0.268229 0.216667
1 0.159635 0.591204 0.252604 0.019444
1 0.133594 0.611574 0.202604 0.023148
1 0.151823 0.631944 0.236979 0.021296
1 0.078125 0.650463 0.089583 0.019444
1 0.094792 0.670370 0.122917 0.020370
1 0.114062 0.689815 0.161458 0.020370
1 0.128906 0.708796 0.191146 0.019444
1 0.120573 0.729167 0.175521 0.021296
4 0.159635 0.611111 0.252604 0.057407
4 0.095312 0.660185 0.123958 0.038889
4 0.127083 0.718981 0.187500 0.041667
2 0.105469 0.591204 0.091146 0.019444
2 0.104427 0.612037 0.092188 0.020370
2 0.104688 0.631944 0.091667 0.023148
2 0.083594 0.650463 0.050521 0.021296
2 0.083073 0.669907 0.050521 0.019444
2 0.078646 0.689815 0.091667 0.020370
2 0.104688 0.708796 0.091667 0.021296
2 0.104427 0.729630 0.092188 0.022222
3 0.216927 0.591667 0.131771 0.020370
3 0.191667 0.611111 0.083333 0.022222
3 0.210156 0.631944 0.119271 0.021296
3 0.114583 0.650926 0.011458 0.020370
3 0.131250 0.669907 0.044792 0.019444
3 0.158854 0.690278 0.067708 0.017593
3 0.185677 0.708333 0.068229 0.022222
3 0.177865 0.729167 0.052604 0.021296
