0 0.237515 0.759053 0.401308 0.231198
1 0.116231 0.681987 0.156361 0.023213
1 0.116825 0.705200 0.158740 0.023213
1 0.128419 0.726555 0.183115 0.021356
1 0.127824 0.747911 0.183115 0.023213
1 0.154875 0.769266 0.236029 0.021356
1 0.118312 0.791086 0.164090 0.022284
1 0.119798 0.813370 0.167063 0.022284
1 0.116825 0.836119 0.159929 0.025070
2 0.129310 0.681987 0.101665 0.023213
2 0.129905 0.705200 0.101665 0.023213
2 0.129608 0.726091 0.101070 0.020427
2 0.130797 0.747911 0.102259 0.023213
2 0.159334 0.770195 0.159334 0.021356
2 0.130499 0.791551 0.100476 0.021356
2 0.129905 0.812906 0.100476 0.023213
2 0.130202 0.836583 0.101070 0.024141
3 0.187574 0.681987 0.014863 0.023213
3 0.188466 0.705664 0.015458 0.022284
3 0.200357 0.727019 0.039239 0.020427
3 0.200654 0.748375 0.037455 0.022284
3 0.256243 0.770659 0.034483 0.022284
3 0.189952 0.792015 0.019620 0.022284
3 0.192033 0.813370 0.022592 0.022284
3 0.188763 0.836583 0.016052 0.025998
4 0.149227 0.714949 0.141498 0.089136
4 0.142093 0.814763 0.123662 0.067781
