0 0.180208 0.540741 0.359375 0.579630
1 0.138281 0.283796 0.269271 0.023148
1 0.138281 0.306944 0.269271 0.023148
1 0.115104 0.329630 0.222917 0.022222
1 0.138281 0.351389 0.270313 0.021296
1 0.108073 0.373611 0.209896 0.021296
1 0.085156 0.394907 0.164062 0.021296
1 0.100521 0.417593 0.194792 0.022222
1 0.110417 0.439815 0.214583 0.022222
1 0.162240 0.462500 0.317188 0.023148
1 0.172135 0.485185 0.336979 0.022222
1 0.151562 0.517593 0.296875 0.044444
1 0.167187 0.595833 0.328125 0.025000
1 0.141146 0.618519 0.276042 0.022222
1 0.099219 0.662500 0.194271 0.021296
1 0.162760 0.717130 0.320312 0.045370
1 0.105208 0.796296 0.203125 0.022222
1 0.115885 0.819444 0.224479 0.022222
2 0.098958 0.284259 0.118750 0.024074
2 0.098958 0.307407 0.118750 0.024074
2 0.123958 0.330556 0.107292 0.024074
2 0.099740 0.351389 0.118229 0.021296
2 0.124740 0.374074 0.108854 0.022222
2 0.089583 0.395370 0.098958 0.022222
2 0.105729 0.417593 0.132292 0.022222
2 0.105469 0.439815 0.132812 0.024074
2 0.178385 0.462037 0.215104 0.022222
2 0.178385 0.484722 0.215104 0.023148
2 0.178125 0.506944 0.214583 0.019444
2 0.176823 0.595370 0.216146 0.024074
2 0.118750 0.618519 0.100000 0.024074
2 0.123958 0.662500 0.106250 0.021296
2 0.177865 0.707870 0.215104 0.023148
2 0.128125 0.795833 0.114583 0.023148
2 0.137240 0.819444 0.133854 0.024074
3 0.215885 0.284722 0.114062 0.025000
3 0.215885 0.307870 0.114062 0.025000
3 0.201823 0.329630 0.048438 0.022222
3 0.216146 0.351389 0.114583 0.021296
3 0.196615 0.374074 0.034896 0.022222
3 0.151823 0.395833 0.024479 0.023148
3 0.185938 0.418519 0.023958 0.020370
3 0.195833 0.439815 0.043750 0.022222
3 0.303646 0.462037 0.034375 0.022222
3 0.314063 0.485185 0.054167 0.022222
3 0.292708 0.507407 0.012500 0.022222
3 0.030729 0.530093 0.054167 0.021296
3 0.308854 0.596296 0.044792 0.024074
3 0.223438 0.618981 0.107292 0.023148
3 0.185677 0.662500 0.016146 0.019444
3 0.304167 0.707870 0.036458 0.025000
3 0.020313 0.729630 0.033333 0.022222
3 0.196615 0.796759 0.021354 0.023148
3 0.216927 0.818981 0.023438 0.023148
4 0.190365 0.484259 0.302604 0.066667
4 0.030729 0.529630 0.054167 0.022222
4 0.128385 0.428241 0.177604 0.045370
4 0.132552 0.329630 0.186979 0.020370
4 0.127083 0.374537 0.175000 0.021296
