0 0.141146 0.657870 0.217708 0.169444
1 0.107031 0.581944 0.149479 0.015741
1 0.114323 0.596759 0.163021 0.015741
1 0.118490 0.612963 0.171354 0.016667
1 0.121354 0.628704 0.178125 0.016667
1 0.099479 0.644444 0.134375 0.016667
1 0.134375 0.667593 0.204167 0.031481
2 0.091406 0.581944 0.070312 0.015741
2 0.082292 0.597685 0.053125 0.015741
2 0.084375 0.612500 0.058333 0.015741
2 0.084635 0.629167 0.058854 0.015741
2 0.084375 0.644907 0.055208 0.017593
2 0.092448 0.661574 0.069271 0.017593
3 0.154427 0.581481 0.054688 0.016667
3 0.158594 0.612963 0.090104 0.016667
3 0.162500 0.628704 0.096875 0.016667
3 0.139323 0.644907 0.053646 0.015741
3 0.181250 0.662500 0.108333 0.021296
3 0.070052 0.675926 0.074479 0.016667
