0 0.081250 0.741204 0.145833 0.117593
1 0.077604 0.702778 0.133333 0.014815
1 0.077604 0.715278 0.133333 0.013889
1 0.072396 0.726389 0.122917 0.013889
1 0.073177 0.739352 0.124479 0.013889
1 0.072396 0.751389 0.122917 0.012037
1 0.077344 0.769444 0.133854 0.025926
1 0.055208 0.787500 0.088542 0.012037
2 0.054688 0.703241 0.047917 0.013889
2 0.054688 0.715741 0.047917 0.012963
2 0.059375 0.727315 0.056250 0.012037
2 0.059635 0.787963 0.055729 0.014815
3 0.111979 0.703241 0.064583 0.013889
3 0.111719 0.715278 0.065104 0.012037
3 0.109896 0.727315 0.043750 0.012037
3 0.093750 0.787037 0.012500 0.012963
