0 0.164363 0.828348 0.299112 0.320513
2 0.055775 0.689459 0.062192 0.025641
2 0.056762 0.716524 0.064166 0.022792
2 0.044423 0.743590 0.041461 0.022792
2 0.073050 0.769231 0.102665 0.022792
2 0.045903 0.792735 0.038500 0.027066
2 0.045903 0.818376 0.038500 0.018519
2 0.045410 0.844729 0.037512 0.022792
2 0.045903 0.871795 0.038500 0.022792
2 0.045903 0.896011 0.038500 0.019943
3 0.097730 0.794160 0.061204 0.024217
3 0.074531 0.819801 0.014808 0.018519
3 0.074531 0.845442 0.014808 0.021368
3 0.073544 0.870370 0.012833 0.019943
3 0.080454 0.896724 0.024679 0.021368
4 0.077493 0.844729 0.101678 0.128205
4 0.100691 0.702991 0.152024 0.052707
1 0.099704 0.690171 0.150049 0.027066
1 0.076505 0.717236 0.103653 0.027066
1 0.086377 0.743590 0.121422 0.022792
1 0.090326 0.769231 0.127345 0.025641
1 0.076999 0.794160 0.102665 0.024217
1 0.056269 0.819801 0.059230 0.024217
1 0.055775 0.846866 0.056269 0.024217
1 0.054294 0.871083 0.055281 0.021368
1 0.060217 0.897436 0.067127 0.022792
