0 0.157118 0.826676 0.262153 0.320970
1 0.151042 0.698288 0.236111 0.047076
1 0.101128 0.736091 0.134549 0.025678
1 0.113281 0.761056 0.158854 0.024251
1 0.146701 0.786020 0.223958 0.025678
1 0.132812 0.812411 0.196181 0.024251
1 0.114149 0.838802 0.160590 0.028531
1 0.117188 0.865906 0.166667 0.028531
1 0.108507 0.890157 0.149306 0.022825
1 0.126736 0.916548 0.185764 0.032810
2 0.052517 0.736805 0.035590 0.024251
2 0.087674 0.786733 0.105903 0.021398
2 0.062500 0.810984 0.053819 0.024251
2 0.103733 0.865193 0.139757 0.024251
2 0.052083 0.888730 0.032986 0.019971
2 0.103733 0.916548 0.138021 0.035663
3 0.117188 0.736805 0.092014 0.024251
3 0.199653 0.786020 0.114583 0.022825
3 0.158854 0.810984 0.137153 0.027104
3 0.187066 0.865193 0.023438 0.021398
3 0.126736 0.888017 0.109375 0.021398
3 0.197049 0.915835 0.045139 0.028531
