0 0.170997 0.672840 0.340319 0.144781
1 0.169740 0.621773 0.337804 0.033670
1 0.170578 0.656004 0.339480 0.039282
1 0.170997 0.690236 0.340319 0.033670
1 0.171417 0.727273 0.341157 0.040404
2 0.060771 0.614478 0.119866 0.019080
2 0.059933 0.648709 0.118189 0.020202
2 0.060352 0.682379 0.119028 0.017957
2 0.060352 0.715488 0.119028 0.019080
3 0.229673 0.615039 0.219614 0.020202
3 0.062448 0.631313 0.123219 0.019080
3 0.230092 0.649270 0.218776 0.023569
3 0.060352 0.665544 0.119028 0.017957
3 0.230092 0.683502 0.220453 0.020202
3 0.061609 0.698653 0.121542 0.019080
3 0.230511 0.716611 0.219614 0.019080
3 0.062028 0.735690 0.122381 0.021324
