0 0.119792 0.776852 0.237500 0.142593
1 0.068229 0.718519 0.134375 0.016667
1 0.037760 0.734722 0.070312 0.015741
1 0.074479 0.751389 0.144792 0.017593
1 0.037240 0.767593 0.069271 0.016667
1 0.065625 0.800926 0.127083 0.016667
1 0.073698 0.817130 0.143229 0.015741
1 0.089323 0.833796 0.174479 0.017593
2 0.054948 0.718981 0.060937 0.015741
2 0.024219 0.734722 0.043229 0.015741
2 0.051562 0.750926 0.097917 0.016667
2 0.024479 0.767593 0.043750 0.016667
2 0.051302 0.800926 0.099479 0.016667
2 0.060677 0.817593 0.116146 0.014815
2 0.060677 0.833796 0.116146 0.017593
3 0.108594 0.718981 0.045312 0.015741
3 0.059375 0.735185 0.026042 0.014815
3 0.122656 0.751389 0.044271 0.017593
3 0.114583 0.800926 0.026042 0.016667
3 0.059115 0.767593 0.024479 0.016667
3 0.131771 0.817130 0.025000 0.015741
3 0.147135 0.834259 0.055729 0.018519
4 0.089063 0.826852 0.175000 0.033333
