0 0.146484 0.850000 0.236719 0.261111
1 0.073828 0.741667 0.077344 0.022222
1 0.073438 0.767361 0.076563 0.023611
1 0.068750 0.790972 0.065625 0.023611
1 0.094922 0.816667 0.119531 0.025000
1 0.097656 0.842361 0.123438 0.023611
1 0.086719 0.865972 0.103125 0.023611
1 0.072656 0.890972 0.075000 0.023611
1 0.091797 0.916667 0.111719 0.022222
2 0.053906 0.741667 0.035937 0.022222
2 0.053906 0.765972 0.037500 0.026389
2 0.053906 0.790278 0.035937 0.022222
2 0.053516 0.815972 0.035156 0.020833
2 0.064062 0.840972 0.057813 0.026389
2 0.054297 0.865972 0.035156 0.020833
2 0.053906 0.890972 0.035937 0.023611
2 0.064844 0.917361 0.057813 0.020833
3 0.091797 0.740972 0.038281 0.020833
3 0.092578 0.767361 0.036719 0.023611
3 0.087109 0.791667 0.027344 0.022222
3 0.114062 0.817361 0.079687 0.020833
3 0.126953 0.841667 0.064844 0.025000
3 0.105078 0.867361 0.063281 0.023611
3 0.091016 0.892361 0.036719 0.023611
3 0.120313 0.916667 0.053125 0.022222
4 0.086719 0.881250 0.103125 0.051389
4 0.094922 0.780556 0.121094 0.100000
