0 0.132483 0.822496 0.237488 0.312830
1 0.061335 0.692443 0.081452 0.024605
1 0.083906 0.717926 0.124632 0.022847
1 0.096663 0.741652 0.150147 0.024605
1 0.067713 0.765378 0.094210 0.022847
1 0.103042 0.788225 0.160942 0.022847
1 0.078508 0.813708 0.111874 0.028120
1 0.084396 0.836555 0.127576 0.024605
1 0.090775 0.860281 0.136408 0.026362
1 0.078508 0.884007 0.109912 0.024605
1 0.076055 0.908612 0.106968 0.024605
2 0.054956 0.691564 0.064769 0.022847
2 0.054956 0.716169 0.064769 0.022847
2 0.055937 0.740773 0.064769 0.022847
2 0.056428 0.764499 0.065751 0.024605
2 0.055447 0.786467 0.065751 0.022847
2 0.056428 0.812830 0.065751 0.022847
2 0.055937 0.836555 0.064769 0.021090
2 0.055447 0.859402 0.065751 0.024605
2 0.055937 0.884886 0.064769 0.022847
2 0.055937 0.909490 0.064769 0.026362
3 0.094210 0.692443 0.011776 0.024605
3 0.117763 0.717926 0.054956 0.019332
3 0.129048 0.741652 0.077527 0.021090
3 0.101570 0.765378 0.024534 0.019332
3 0.135918 0.788225 0.093229 0.022847
3 0.110893 0.811951 0.043180 0.024605
3 0.117763 0.837434 0.056919 0.019332
3 0.123651 0.860281 0.066732 0.026362
3 0.110402 0.884886 0.040236 0.022847
3 0.107949 0.907733 0.037291 0.022847
4 0.093719 0.715290 0.146222 0.073814
4 0.101570 0.811072 0.161923 0.068541
