0 0.148047 0.808594 0.275781 0.169271
1 0.065625 0.783203 0.106250 0.014323
1 0.066016 0.798828 0.107031 0.016927
1 0.053906 0.815755 0.082812 0.016927
1 0.057813 0.832031 0.092188 0.015625
1 0.058203 0.847656 0.092969 0.015625
1 0.088672 0.863281 0.153906 0.015625
2 0.061719 0.783203 0.043750 0.016927
2 0.062109 0.799479 0.044531 0.015625
2 0.062109 0.815755 0.044531 0.016927
2 0.062500 0.832031 0.045312 0.015625
2 0.062109 0.847656 0.044531 0.015625
2 0.077734 0.863281 0.075781 0.015625
3 0.101562 0.783203 0.035937 0.016927
3 0.101953 0.799479 0.035156 0.015625
3 0.090234 0.815755 0.011719 0.016927
3 0.094141 0.832031 0.017969 0.015625
3 0.094141 0.847656 0.017969 0.015625
3 0.140625 0.863281 0.050000 0.015625
4 0.080078 0.815104 0.080469 0.080729
