0 0.168457 0.863508 0.297852 0.258840
1 0.080566 0.766620 0.100586 0.028289
1 0.104004 0.790665 0.143555 0.028289
1 0.086426 0.816124 0.112305 0.025460
1 0.122559 0.867044 0.186523 0.028289
1 0.085449 0.891796 0.110352 0.026874
1 0.070801 0.918670 0.083008 0.026874
2 0.061035 0.764498 0.059570 0.026874
2 0.047363 0.789958 0.032227 0.026874
2 0.060547 0.816124 0.058594 0.025460
2 0.059570 0.867044 0.054688 0.025460
2 0.057129 0.893211 0.049805 0.024045
2 0.057617 0.918670 0.048828 0.026874
3 0.105957 0.765205 0.026367 0.025460
3 0.118652 0.792079 0.106445 0.025460
3 0.115723 0.816832 0.045898 0.024045
3 0.150879 0.867044 0.124023 0.028289
3 0.112305 0.892504 0.052734 0.025460
3 0.097656 0.920085 0.025391 0.026874
1 0.128906 0.840170 0.197266 0.022631
4 0.085938 0.910184 0.113281 0.055163
