0 0.136198 0.633796 0.267188 0.423148
1 0.070312 0.431944 0.137500 0.019444
1 0.080469 0.450000 0.159896 0.016667
1 0.081510 0.467593 0.161979 0.016667
1 0.086719 0.483333 0.172396 0.018519
1 0.064844 0.500463 0.128646 0.015741
1 0.122917 0.585185 0.244792 0.016667
1 0.070312 0.600463 0.139583 0.015741
1 0.112500 0.616204 0.223958 0.017593
1 0.084375 0.666667 0.167708 0.018519
1 0.130208 0.691667 0.259375 0.033333
1 0.119271 0.717130 0.237500 0.017593
1 0.125260 0.758796 0.249479 0.034259
1 0.096094 0.784722 0.191146 0.017593
1 0.069792 0.800463 0.138542 0.017593
1 0.101823 0.817593 0.202604 0.018519
2 0.084635 0.584259 0.119271 0.016667
2 0.042188 0.600463 0.083333 0.017593
2 0.060417 0.616667 0.119792 0.016667
2 0.060677 0.667130 0.120313 0.017593
2 0.066406 0.684259 0.081771 0.016667
2 0.060417 0.717130 0.119792 0.017593
2 0.083854 0.749537 0.119792 0.017593
2 0.083854 0.783333 0.119792 0.016667
2 0.050260 0.800926 0.052604 0.016667
2 0.083854 0.818056 0.118750 0.017593
3 0.175521 0.585185 0.062500 0.018519
3 0.110156 0.600926 0.051562 0.014815
3 0.170833 0.616667 0.098958 0.016667
3 0.145313 0.667130 0.047917 0.015741
3 0.184115 0.684722 0.153646 0.017593
3 0.044531 0.700926 0.082812 0.014815
3 0.178385 0.716667 0.116146 0.016667
3 0.190885 0.751389 0.094271 0.017593
3 0.031771 0.767593 0.059375 0.014815
3 0.167187 0.784259 0.044792 0.018519
3 0.107292 0.800463 0.062500 0.015741
3 0.173698 0.817130 0.060937 0.019444
