0 0.103646 0.693981 0.193750 0.136111
1 0.099219 0.656481 0.177604 0.027778
1 0.085938 0.677315 0.151042 0.015741
1 0.068490 0.692130 0.117188 0.013889
1 0.100781 0.712500 0.182812 0.028704
1 0.070312 0.732870 0.121875 0.013889
1 0.070052 0.748148 0.122396 0.016667
2 0.070573 0.650000 0.074479 0.012963
2 0.060417 0.733333 0.053125 0.014815
2 0.060417 0.748148 0.053125 0.014815
3 0.148177 0.650463 0.079687 0.013889
3 0.020052 0.663889 0.019271 0.012963
3 0.107813 0.733796 0.040625 0.015741
3 0.106771 0.748148 0.039583 0.016667
